21.50,70.70,97946.00,
22.10,71.78,97939.00,
23.10,73.58,97940.00,
23.20,73.76,97930.00,
24.40,75.92,97941.00,
24.60,76.28,97935.00,
22.80,73.04,97965.00,
21.60,70.88,98453.00,
22.00,71.60,98458.00,
22.00,71.60,98466.00,
21.40,70.52,98073.00,
22.80,73.04,98101.00,
25.10,77.18,98097.00,0,0,810,226,4,850,40.534363,-88.913498,19195,3,04/28/2023,13:20:10.0
26.00,78.80,98100.00,0,0,809,100,7,230,40.534374,-88.913498,21587,4,04/28/2023,13:20:46.0
27.20,80.96,98112.00,0,0,806,99,8,428,40.534370,-88.913498,24015,4,04/28/2023,13:21:21.0
28.10,82.58,98084.00,0,0,809,99,8,573,40.534374,-88.913506,26498,4,04/28/2023,13:21:56.0
28.50,83.30,98077.00,0,0,807,99,8,711,40.534378,-88.913498,28981,4,04/28/2023,13:22:31.0
26.40,79.52,98054.00,0,0,813,100,8,906,40.534367,-88.913498,31465,4,04/28/2023,13:23:06.0
28.50,83.30,98048.00,0,0,812,100,8,296,40.534363,-88.913498,33961,6,04/28/2023,13:23:42.0
29.40,84.92,98021.00,0,0,808,100,8,453,40.534363,-88.913498,36444,6,04/28/2023,13:24:17.0
27.00,80.60,98437.00,0,0,807,100,8,597,40.534359,-88.913506,38927,6,04/28/2023,13:24:52.0
26.20,79.16,98377.00,8,1,811,100,8,730,40.534416,-88.913551,41464,6,04/28/2023,13:25:27.0
24.90,76.82,98452.00,6,0,801,100,8,931,40.534664,-88.913582,43953,7,04/28/2023,13:26:02.0
24.00,75.20,98445.00,6,0,797,90,9,321,40.534657,-88.913597,46453,8,04/28/2023,13:26:38.0
23.50,74.30,98451.00,6,0,798,90,9,456,40.534657,-88.913589,48956,8,04/28/2023,13:27:13.0
23.30,73.94,98452.00,6,0,799,90,9,603,40.534660,-88.913589,51459,8,04/28/2023,13:27:48.0
22.80,73.04,98459.00,6,0,801,90,9,741,40.534668,-88.913589,53962,8,04/28/2023,13:28:23.0
21.50,70.70,98491.00,6,0,799,90,9,933,40.534718,-88.913399,56471,9,04/28/2023,13:28:58.0
20.80,69.44,98489.00,6,0,800,90,9,321,40.534718,-88.913399,59045,10,04/28/2023,13:29:34.0
20.10,68.18,98497.00,6,0,799,90,9,476,40.534714,-88.913399,61768,10,04/28/2023,13:30:09.0
19.20,66.56,98496.00,6,0,798,90,9,614,40.534714,-88.913399,64505,10,04/28/2023,13:30:44.0
19.30,66.74,98504.00,6,0,797,91,9,753,40.534714,-88.913406,67238,10,04/28/2023,13:31:19.0
19.50,67.10,98506.00,6,0,799,91,9,949,40.534710,-88.913406,69978,11,04/28/2023,13:31:54.0
19.50,67.10,98505.00,6,0,801,91,9,344,40.534710,-88.913406,72743,12,04/28/2023,13:32:30.0
19.50,67.10,98505.00,6,0,799,91,9,515,40.534718,-88.913414,75491,12,04/28/2023,13:33:05.0
18.80,65.84,98508.00,6,0,802,98,8,660,40.534718,-88.913406,78243,12,04/28/2023,13:33:40.0
19.00,66.20,98506.00,6,0,798,98,8,799,40.534718,-88.913406,81005,12,04/28/2023,13:34:15.0
18.50,65.30,98484.00,6,0,792,91,9,155,40.534714,-88.913406,83778,13,04/28/2023,13:34:51.0
18.50,65.30,98505.00,6,0,797,102,8,413,40.534714,-88.913406,86529,14,04/28/2023,13:35:26.0
18.90,66.02,98501.00,6,0,799,91,9,544,40.534714,-88.913399,89327,14,04/28/2023,13:36:01.0
18.90,66.02,98499.00,6,0,799,83,12,680,40.534710,-88.913406,92165,14,04/28/2023,13:36:36.0
19.00,66.20,98493.00,6,0,799,83,12,856,40.534714,-88.913406,94983,14,04/28/2023,13:37:11.0
19.20,66.56,98499.00,6,0,801,83,12,245,40.534718,-88.913406,97823,15,04/28/2023,13:37:47.0
19.00,66.20,98501.00,6,0,801,83,12,521,40.534718,-88.913399,100607,15,04/28/2023,13:38:22.0
19.50,67.10,98503.00,6,0,799,83,12,674,40.534718,-88.913406,103350,15,04/28/2023,13:38:57.0
20.10,68.18,98503.00,6,0,797,83,12,838,40.534718,-88.913399,106123,15,04/28/2023,13:39:32.0
20.50,68.90,98500.00,6,0,800,83,12,230,40.534718,-88.913406,108954,16,04/28/2023,13:40:08.0
20.50,68.90,98485.00,6,0,803,84,12,515,40.534718,-88.913406,111772,16,04/28/2023,13:40:43.0
20.90,69.62,98490.00,6,0,800,84,12,665,40.534718,-88.913406,114600,16,04/28/2023,13:41:18.0
21.00,69.80,98503.00,6,0,805,84,12,836,40.534710,-88.913399,117428,16,04/28/2023,13:41:53.0
20.70,69.26,98491.00,6,0,805,85,11,236,40.534714,-88.913406,120256,17,04/28/2023,13:42:29.0
20.60,69.08,98496.00,6,0,806,84,12,509,40.534714,-88.913399,123084,17,04/28/2023,13:43:04.0
21.10,69.98,98505.00,6,0,805,88,11,657,40.534706,-88.913406,125898,17,04/28/2023,13:43:39.0
21.50,70.70,98507.00,74,0,803,84,12,803,40.534706,-88.913399,128730,17,04/28/2023,13:44:14.0
21.50,70.70,98519.00,74,0,798,89,10,163,40.534710,-88.913414,131535,18,04/28/2023,13:44:50.0
20.10,68.18,98525.00,74,0,808,86,11,504,40.534706,-88.913406,134353,18,04/28/2023,13:45:25.0
19.90,67.82,98517.00,74,0,806,100,10,647,40.534702,-88.913399,137153,18,04/28/2023,13:46:00.0
20.40,68.72,98525.00,74,0,802,84,12,792,40.534714,-88.913399,139981,18,04/28/2023,13:46:35.0
19.80,67.64,98523.00,74,0,805,84,12,110,40.534710,-88.913406,142815,19,04/28/2023,13:47:11.0
19.90,67.82,98504.00,74,0,807,84,12,386,40.534706,-88.913406,145649,20,04/28/2023,13:47:46.0
20.30,68.54,98509.00,74,0,800,68,12,535,40.534718,-88.913406,148477,20,04/28/2023,13:48:21.0
19.90,67.82,98498.00,74,0,803,76,11,683,40.534714,-88.913414,151293,20,04/28/2023,13:48:56.0
20.70,69.26,98502.00,74,0,812,73,12,846,40.534698,-88.913414,154121,20,04/28/2023,13:49:31.0
21.50,70.70,98504.00,74,0,815,73,12,250,40.534698,-88.913406,156955,21,04/28/2023,13:50:07.0
20.80,69.44,98505.00,74,0,811,73,12,521,40.534706,-88.913406,159783,21,04/28/2023,13:50:42.0
20.70,69.26,98510.00,74,0,813,77,11,677,40.534698,-88.913406,162607,21,04/28/2023,13:51:17.0
20.60,69.08,98501.00,74,0,810,73,12,849,40.534706,-88.913406,165435,21,04/28/2023,13:51:52.0
20.80,69.44,98527.00,74,0,809,73,12,244,40.534706,-88.913399,168271,22,04/28/2023,13:52:28.0
20.40,68.72,98529.00,74,0,806,73,12,519,40.534706,-88.913399,171099,22,04/28/2023,13:53:03.0
20.00,68.00,98539.00,74,0,810,73,12,670,40.534706,-88.913406,173927,22,04/28/2023,13:53:38.0
20.50,68.90,98520.00,74,0,814,92,11,847,40.534698,-88.913399,176743,22,04/28/2023,13:54:13.0
20.90,69.62,98516.00,74,0,810,92,11,269,40.534706,-88.913406,179559,23,04/28/2023,13:54:49.0
20.40,68.72,98502.00,74,0,814,73,12,523,40.534702,-88.913406,182397,23,04/28/2023,13:55:24.0
20.10,68.18,98527.00,74,0,814,73,12,666,40.534698,-88.913406,185235,23,04/28/2023,13:55:59.0
19.80,67.64,98511.00,74,0,809,73,12,842,40.534706,-88.913406,188073,23,04/28/2023,13:56:34.0
20.60,69.08,98515.00,74,0,809,73,12,240,40.534706,-88.913406,190910,23,04/28/2023,13:57:10.0
20.50,68.90,98515.00,74,0,809,73,12,524,40.534706,-88.913399,193736,23,04/28/2023,13:57:45.0
20.20,68.36,98520.00,74,0,812,73,12,669,40.534702,-88.913399,196570,23,04/28/2023,13:58:20.0
20.00,68.00,98531.00,74,0,814,75,11,848,40.534698,-88.913399,199394,23,04/28/2023,13:58:55.0
20.60,69.08,98512.00,74,0,811,79,10,242,40.534698,-88.913406,202204,24,04/28/2023,13:59:31.0
21.40,70.52,98508.00,74,0,811,85,9,524,40.534645,-88.913437,205004,24,04/28/2023,14:00:06.0
22.20,71.96,98516.00,217,0,806,75,11,662,40.534653,-88.913445,207832,24,04/28/2023,14:00:41.0
22.40,72.32,98519.00,217,0,807,73,12,839,40.534653,-88.913445,210670,24,04/28/2023,14:01:16.0
22.40,72.32,98514.00,217,0,808,73,12,241,40.534653,-88.913437,213511,24,04/28/2023,14:01:52.0
22.40,72.32,98509.00,217,0,807,73,12,519,40.534653,-88.913437,216341,24,04/28/2023,14:02:27.0
22.20,71.96,98500.00,217,0,806,73,12,671,40.534660,-88.913437,219159,24,04/28/2023,14:03:02.0
22.00,71.60,98497.00,217,0,807,73,12,848,40.534653,-88.913437,221977,24,04/28/2023,14:03:37.0
22.90,73.22,98450.00,217,0,805,73,12,278,40.534679,-88.913429,224823,25,04/28/2023,14:04:13.0
22.70,72.86,98500.00,217,0,804,73,12,522,40.534664,-88.913437,227647,25,04/28/2023,14:04:48.0
23.30,73.94,98468.00,217,0,810,92,8,683,40.534641,-88.913460,230417,25,04/28/2023,14:05:23.0
22.40,72.32,98399.00,217,0,805,79,10,854,40.534653,-88.913414,233211,25,04/28/2023,14:05:58.0
22.30,72.14,98393.00,217,0,803,75,11,250,40.534660,-88.913422,236003,26,04/28/2023,14:06:34.0
21.80,71.24,98001.00,217,0,805,79,10,522,40.534664,-88.913414,238805,26,04/28/2023,14:07:09.0
22.80,73.04,97553.00,217,0,804,75,11,670,40.534668,-88.913414,241548,26,04/28/2023,14:07:44.0
26.70,80.06,98109.00,217,0,805,75,11,846,40.534668,-88.913406,244291,26,04/28/2023,14:08:19.0
26.70,80.06,98147.00,217,0,804,75,11,245,40.534668,-88.913414,247037,27,04/28/2023,14:08:55.0
26.70,80.06,98084.00,217,0,805,75,11,512,40.534668,-88.913422,249790,27,04/28/2023,14:09:30.0
26.00,78.80,98445.00,217,0,801,79,10,663,40.534672,-88.913414,252523,27,04/28/2023,14:10:05.0
24.10,75.38,98447.00,217,0,803,79,10,844,40.534668,-88.913422,255246,27,04/28/2023,14:10:40.0
17.90,64.22,96909.00,119,8,1079,79,10,232,40.534512,-88.913612,258047,28,04/28/2023,14:11:16.0
16.20,61.16,94850.00,251,11,1831,79,10,505,40.533787,-88.913788,260849,28,04/28/2023,14:11:51.0
15.70,60.26,92503.00,160,11,2514,79,10,655,40.533607,-88.913559,263648,28,04/28/2023,14:12:26.0
14.00,57.20,90163.00,198,9,3202,79,10,838,40.532864,-88.912819,266442,28,04/28/2023,14:13:01.0
11.00,51.80,87597.00,149,9,3884,79,10,273,40.531498,-88.912941,269177,29,04/28/2023,14:13:37.0
10.70,51.26,85646.00,229,6,4547,79,10,474,40.530174,-88.913750,271831,29,04/28/2023,14:14:12.0
10.80,51.44,83793.00,192,17,5187,79,10,621,40.528782,-88.914597,274499,29,04/28/2023,14:14:47.0
8.20,46.76,81687.00,180,20,5851,79,10,775,40.527206,-88.915245,277157,29,04/28/2023,14:15:22.0
7.10,44.78,79813.00,195,19,6468,79,10,108,40.525299,-88.916542,279824,30,04/28/2023,14:15:58.0
7.60,45.68,77957.00,198,22,7105,79,10,367,40.523247,-88.918236,282490,31,04/28/2023,14:16:33.0
6.00,42.80,75862.00,181,20,7813,79,10,518,40.520790,-88.919975,285148,31,04/28/2023,14:17:08.0
3.30,37.94,73527.00,192,8,8438,79,10,671,40.518776,-88.921280,287804,31,04/28/2023,14:17:43.0
3.90,39.02,72216.00,240,12,9110,79,10,846,40.516891,-88.923065,290462,31,04/28/2023,14:18:18.0
2.90,37.22,70382.00,185,21,9778,79,10,248,40.514423,-88.924950,293128,32,04/28/2023,14:18:54.0
3.10,37.58,68807.00,228,15,10379,79,10,477,40.512081,-88.925766,295784,32,04/28/2023,14:19:29.0
-0.90,30.38,66498.00,184,16,11096,79,10,638,40.509975,-88.927452,298422,32,04/28/2023,14:20:04.0
0.50,32.90,65169.00,235,18,11765,79,10,792,40.507549,-88.929543,301060,32,04/28/2023,14:20:39.0
-2.30,27.86,63296.00,218,26,12472,79,10,138,40.504807,-88.932236,303702,33,04/28/2023,14:21:15.0
-1.20,29.84,61862.00,231,14,13058,79,10,473,40.502739,-88.933434,306334,33,04/28/2023,14:21:50.0
-13.30,8.06,57860.00,98,9,13701,79,10,631,40.501133,-88.933472,308952,33,04/28/2023,14:22:25.0
-0.80,30.56,58867.00,195,11,14347,79,10,783,40.499977,-88.931915,311575,33,04/28/2023,14:23:00.0
-3.30,26.06,57298.00,166,17,15020,79,10,142,40.498402,-88.931915,314218,33,04/28/2023,14:23:36.0
-2.00,28.40,55890.00,100,8,15672,79,10,373,40.497231,-88.930771,316861,34,04/28/2023,14:24:11.0
-4.30,24.26,54484.00,182,14,16301,79,10,523,40.496426,-88.929672,319503,34,04/28/2023,14:24:46.0
-5.00,23.00,53098.00,159,11,16944,79,10,676,40.495304,-88.928757,322139,34,04/28/2023,14:25:21.0
-6.80,19.76,51820.00,204,7,17533,79,10,882,40.494179,-88.927727,324761,34,04/28/2023,14:25:56.0
-6.40,20.48,50261.00,104,16,18297,79,10,285,40.493126,-88.925728,327405,35,04/28/2023,14:26:32.0
-9.50,14.90,48741.00,73,16,18928,79,10,485,40.492371,-88.922989,330033,35,04/28/2023,14:27:07.0
-15.90,3.38,46733.00,93,23,19628,79,10,637,40.491840,-88.920868,332657,35,04/28/2023,14:27:42.0
-10.90,12.38,46327.00,45,10,20292,79,10,788,40.491241,-88.918793,335276,35,04/28/2023,14:28:17.0
-12.10,10.22,44961.00,119,4,21005,79,10,121,40.490757,-88.917549,337909,36,04/28/2023,14:28:53.0
-20.00,-4.00,42152.00,11,10,21694,79,10,468,40.491096,-88.915756,340537,36,04/28/2023,14:29:28.0
-14.70,5.54,42368.00,203,4,22407,79,10,619,40.491112,-88.915237,343173,36,04/28/2023,14:30:03.0
-15.20,4.64,41205.00,259,4,23068,79,10,774,40.491226,-88.914772,345797,36,04/28/2023,14:30:38.0
-24.60,-12.28,38487.00,79,13,23792,79,10,105,40.491886,-88.914154,348438,36,04/28/2023,14:31:14.0
-17.50,0.50,38844.00,101,11,24427,79,10,351,40.492905,-88.912125,351068,37,04/28/2023,14:31:49.0
-43.40,-46.12,33782.00,63,25,25072,79,10,507,40.494205,-88.908676,353696,37,04/28/2023,14:32:24.0
-28.10,-18.58,35445.00,91,20,25826,79,10,661,40.494537,-88.905235,356336,37,04/28/2023,14:32:59.0
-21.00,-5.80,35698.00,105,18,26406,80,10,842,40.495586,-88.901978,358968,37,04/28/2023,14:33:34.0
-22.50,-8.50,34129.00,97,27,27047,80,10,248,40.495625,-88.897255,361606,38,04/28/2023,14:34:10.0
-28.90,-20.02,32763.00,93,27,27805,80,10,480,40.496181,-88.892159,364236,38,04/28/2023,14:34:45.0
-24.60,-12.28,32363.00,42,25,28641,80,10,636,40.497562,-88.887772,366864,38,04/28/2023,14:35:20.0
-23.40,-10.12,31255.00,89,25,29382,80,10,789,40.498924,-88.883102,369490,38,04/28/2023,14:35:55.0
-26.50,-15.70,30441.00,87,24,30009,80,10,178,40.500904,-88.878136,372124,39,04/28/2023,14:36:31.0
-25.10,-13.18,29473.00,44,15,30741,80,10,410,40.502579,-88.874069,374754,39,04/28/2023,14:37:06.0
-27.60,-17.68,28371.00,57,26,31440,80,10,559,40.503738,-88.869522,377382,39,04/28/2023,14:37:41.0
-29.00,-20.20,27743.00,81,22,32099,80,10,715,40.505508,-88.865204,380175,39,04/28/2023,14:38:16.0
-30.90,-23.62,26974.00,46,16,32741,80,10,918,40.507278,-88.861595,382967,40,04/28/2023,14:38:51.0
-30.50,-22.90,26030.00,25,18,33505,93,9,323,40.509132,-88.857918,385745,41,04/28/2023,14:39:27.0
-44.60,-48.28,23487.00,54,39,34246,93,9,511,40.511860,-88.853378,388521,41,04/28/2023,14:40:02.0
-28.40,-19.12,24260.00,74,31,34922,93,9,666,40.513783,-88.847336,391299,41,04/28/2023,14:40:37.0
-37.90,-36.22,22637.00,62,43,35663,93,9,848,40.515270,-88.841675,394077,41,04/28/2023,14:41:12.0
-39.60,-39.28,21737.00,46,39,36533,93,9,251,40.518631,-88.834709,396930,42,04/28/2023,14:41:48.0
-41.10,-41.98,20662.00,48,42,37236,93,9,516,40.521599,-88.828674,399773,42,04/28/2023,14:42:23.0
-30.00,-22.00,20979.00,70,45,38005,93,9,671,40.523674,-88.821053,402616,42,04/28/2023,14:42:58.0
-32.30,-26.14,20023.00,63,30,38729,93,9,851,40.525085,-88.812767,405459,42,04/28/2023,14:43:33.0
-38.30,-36.94,18695.00,75,37,39535,93,9,281,40.527798,-88.807053,408318,43,04/28/2023,14:44:09.0
-30.70,-23.26,18650.00,
-28.10,-18.58,18087.00,
-73.60,-100.48,12410.00,
-31.60,-24.88,16478.00,
-30.60,-23.08,16435.00,
-26.20,-15.16,15895.00,
-27.80,-18.04,15139.00,
-47.70,-53.86,12723.00,
-25.90,-14.62,14331.00,
-26.70,-16.06,14124.00,
-29.50,-21.10,13277.00,
-26.40,-15.52,13263.00,
-65.70,-86.26,9736.00,
-28.20,-18.76,12504.00,
-28.60,-19.48,12177.00,
-26.60,-15.88,11485.00,
-28.30,-18.94,10885.00,
-25.80,-14.44,10992.00,
-30.30,-22.54,10168.00,
-26.10,-14.98,10326.00,
-59.30,-74.74,7903.00,
-24.60,-12.28,9830.00,
-25.20,-13.36,9575.00,
-26.00,-14.80,9194.00,
-24.20,-11.56,8944.00,
-24.20,-11.56,8746.00,
-24.60,-12.28,8469.00,
-22.90,-9.22,8178.00,
-23.90,-11.02,7842.00,
-28.70,-19.66,7254.00,
-23.00,-9.40,7487.00,
-23.40,-10.12,7199.00,
-22.90,-9.22,7006.00,
-23.70,-10.66,6670.00,
-26.40,-15.52,7485.00,
-22.50,-8.50,6264.00,
-23.80,-10.84,6055.00,
-26.30,-15.34,5877.00,
-20.90,-5.62,5698.00,
-19.70,-3.46,5537.00,
-29.60,-21.28,4715.00,60,23,39697,257,6,-28731,40.536770,-88.558151,497081,49,04/28/2023,15:08:10.0
-19.60,-3.28,5169.00,
-18.50,-1.30,5017.00,
-19.90,-3.82,4788.00,
-19.10,-2.38,4659.00,
-17.90,-0.22,4521.00,
-17.60,0.32,4394.00,
-20.70,-5.26,4029.00,
-17.40,0.68,4097.00,
-17.10,1.22,3976.00,
-17.50,0.50,3803.00,
-16.40,2.48,3710.00,
-16.30,2.66,3574.00,
-15.50,4.10,3467.00,
-15.00,5.00,3327.00,
-15.60,3.92,3245.00,
-15.60,3.92,3123.00,
-14.30,6.26,3036.00,
-14.70,5.54,2786.00,
-14.40,6.08,2574.00,
-8.10,17.42,2745.00,
-13.10,8.42,2355.00,
-10.40,13.28,2579.00,
-8.10,17.42,2459.00,
-10.40,13.28,2243.00,
-11.00,12.20,1894.00,
-2.60,27.32,2256.00,
-8.20,17.24,1885.00,
-5.70,21.74,2129.00,
-7.60,18.32,2062.00,
-6.40,20.48,1947.00,
-7.10,19.22,1936.00,
-4.20,24.44,1859.00,
-3.30,26.06,1830.00,
-14.20,6.44,1100.00,
-3.20,26.24,1697.00,
-5.60,21.92,1608.00,
-1.60,29.12,1554.00,
-2.50,27.50,1356.00,
-5.10,22.82,721.00,
2.00,35.60,1477.00,
-0.50,31.10,1427.00,
-1.70,28.94,1374.00,
-2.80,26.96,1327.00,
-3.50,25.70,1295.00,
-3.30,26.06,1242.00,
-8.20,17.24,872.00,
-0.50,31.10,1185.00,
-7.90,17.78,677.00,
-0.50,31.10,921.00,
2.80,37.04,1085.00,
-3.90,24.98,1310.00,
-8.10,17.42,1819.00,
-12.60,9.32,2406.00,
-19.80,-3.64,2960.00,
-30.20,-22.36,3005.00,
-22.00,-7.60,4712.00,
-25.80,-14.44,5584.00,
-31.00,-23.80,6569.00,
-29.00,-20.20,7883.00,
-30.50,-22.90,9072.00,
-30.70,-23.26,10323.00,
-34.50,-30.10,11301.00,
-33.20,-27.76,13027.00,
-32.60,-26.68,14593.00,
-31.90,-25.42,16138.00,
-34.30,-29.74,17938.00,
-35.70,-32.26,19740.00,
-36.00,-32.80,21700.00,50,40,37587,94,10,747,40.618290,-88.259445,634402,67,04/28/2023,15:48:00.0
-36.50,-33.70,23558.00,52,46,35859,94,10,947,40.622002,-88.251068,637044,68,04/28/2023,15:48:35.0
-35.50,-31.90,25420.00,48,35,34165,94,10,334,40.625019,-88.245651,639682,69,04/28/2023,15:49:11.0
-35.70,-32.26,27396.00,53,29,32529,94,10,488,40.627056,-88.241890,642316,69,04/28/2023,15:49:46.0
-44.30,-47.74,27869.00,38,25,30991,94,10,633,40.628750,-88.237671,644944,69,04/28/2023,15:50:21.0
-31.00,-23.80,31247.00,58,31,29515,94,10,786,40.630482,-88.233627,647572,69,04/28/2023,15:50:56.0
-28.50,-19.30,33118.00,105,13,28067,94,10,160,40.631584,-88.230293,650205,70,04/28/2023,15:51:32.0
-25.60,-14.08,35265.00,118,11,26611,94,10,386,40.631687,-88.227760,652837,70,04/28/2023,15:52:07.0
-25.00,-13.00,37583.00,38,24,25178,94,10,539,40.632889,-88.224602,655465,70,04/28/2023,15:52:42.0
-22.90,-9.22,39941.00,2,22,23766,93,10,683,40.635235,-88.223183,658091,70,04/28/2023,15:53:17.0
-21.20,-6.16,42324.00,339,7,22333,93,10,873,40.637093,-88.222527,660717,70,04/28/2023,15:53:52.0
-22.70,-8.86,44015.00,169,6,20954,93,10,269,40.637970,-88.221535,663350,71,04/28/2023,15:54:28.0
-14.80,5.36,47387.00,109,22,19690,93,10,475,40.636864,-88.218575,665988,71,04/28/2023,15:55:03.0
-12.50,9.50,49679.00,166,13,18452,93,10,621,40.635662,-88.215706,668622,71,04/28/2023,15:55:38.0
-13.40,7.88,51974.00,187,7,17219,93,10,768,40.634617,-88.213821,671254,71,04/28/2023,15:56:13.0
-9.00,15.80,54764.00,50,4,16068,93,10,102,40.634537,-88.210922,673895,71,04/28/2023,15:56:49.0
-24.30,-11.74,54728.00,163,16,14897,93,10,336,40.634254,-88.209404,676541,72,04/28/2023,15:57:24.0
-3.50,25.70,60049.00,66,5,13801,93,10,487,40.633194,-88.208549,679147,72,04/28/2023,15:57:59.0
-20.20,-4.36,63008.00,221,18,12700,93,10,629,40.631859,-88.209175,681785,72,04/28/2023,15:58:34.0
-4.90,23.18,64978.00,180,26,11633,92,10,774,40.629238,-88.209793,684423,72,04/28/2023,15:59:09.0
-1.90,28.58,68053.00,202,9,10569,92,10,150,40.626545,-88.209747,687217,73,04/28/2023,15:59:45.0
-0.90,30.38,70811.00,230,36,9513,92,10,387,40.624027,-88.212639,690080,74,04/28/2023,16:00:20.0
-0.40,31.28,73555.00,192,28,8509,92,10,532,40.620426,-88.215805,692953,74,04/28/2023,16:00:55.0
1.70,35.06,76482.00,192,21,7510,92,10,682,40.616283,-88.218185,695820,74,04/28/2023,16:01:30.0
2.90,37.22,79408.00,190,9,6524,92,10,877,40.612885,-88.219971,698676,74,04/28/2023,16:02:05.0
3.10,37.58,82241.00,218,23,5524,92,10,293,40.610580,-88.221451,701529,75,04/28/2023,16:02:41.0
5.10,41.18,85545.00,211,10,4487,92,10,515,40.609779,-88.225334,704387,75,04/28/2023,16:03:16.0
8.20,46.76,88670.00,212,3,3592,91,10,660,40.608135,-88.226776,707234,75,04/28/2023,16:03:51.0
10.70,51.26,92048.00,225,6,2583,91,10,835,40.605995,-88.227516,710085,75,04/28/2023,16:04:26.0
12.30,54.14,94701.00,154,5,1756,91,10,227,40.604553,-88.226723,712939,76,04/28/2023,16:05:02.0
14.90,58.82,97470.00,136,12,1034,106,8,512,40.602787,-88.225624,715776,76,04/28/2023,16:05:37.0
19.20,66.56,98401.00,129,0,752,99,9,679,40.602535,-88.225540,718544,76,04/28/2023,16:06:12.0
20.10,68.18,98408.00,129,0,773,99,9,846,40.602531,-88.225540,721312,76,04/28/2023,16:06:47.0
20.50,68.90,98408.00,129,0,780,109,8,240,40.602528,-88.225533,724080,77,04/28/2023,16:07:23.0
20.30,68.54,98405.00,129,0,782,108,9,511,40.602535,-88.225533,726848,77,04/28/2023,16:07:58.0
20.60,69.08,98409.00,129,0,778,108,8,654,40.602531,-88.225525,729604,77,04/28/2023,16:08:33.0
20.90,69.62,98414.00,129,0,782,108,8,803,40.602524,-88.225533,732352,77,04/28/2023,16:09:08.0
20.90,69.62,98412.00,129,0,772,108,8,193,40.602501,-88.225510,735114,78,04/28/2023,16:09:44.0
21.30,70.34,98418.00,129,0,771,108,8,423,40.602520,-88.225517,737862,78,04/28/2023,16:10:19.0
21.30,70.34,98419.00,129,0,771,108,8,568,40.602512,-88.225517,740610,78,04/28/2023,16:10:54.0
21.50,70.70,98416.00,129,0,774,108,8,714,40.602497,-88.225525,743364,78,04/28/2023,16:11:29.0
21.30,70.34,98414.00,129,0,773,98,9,912,40.602520,-88.225533,746137,78,04/28/2023,16:12:04.0
21.50,70.70,98407.00,129,0,781,103,9,300,40.602543,-88.225533,748900,78,04/28/2023,16:12:40.0
21.40,70.52,98410.00,129,0,784,103,9,513,40.602539,-88.225533,751668,78,04/28/2023,16:13:15.0
21.60,70.88,98411.00,129,0,783,103,9,662,40.602547,-88.225533,754436,78,04/28/2023,16:13:50.0
22.00,71.60,98405.00,129,0,789,103,9,800,40.602516,-88.225510,757210,78,04/28/2023,16:14:25.0
22.30,72.14,98406.00,129,0,786,103,9,149,40.602528,-88.225517,759986,79,04/28/2023,16:15:01.0
22.20,71.96,98409.00,129,0,786,103,9,501,40.602539,-88.225533,762754,79,04/28/2023,16:15:36.0
22.00,71.60,98405.00,129,0,786,103,9,653,40.602535,-88.225525,765522,79,04/28/2023,16:16:11.0
22.10,71.78,98406.00,129,0,789,103,9,794,40.602528,-88.225533,768290,79,04/28/2023,16:16:46.0
22.00,71.60,98394.00,129,0,790,103,9,136,40.602535,-88.225533,771066,79,04/28/2023,16:17:22.0
22.20,71.96,98389.00,129,0,789,102,9,386,40.602543,-88.225533,773844,80,04/28/2023,16:17:57.0
22.30,72.14,98402.00,129,0,787,102,9,533,40.602539,-88.225525,776612,80,04/28/2023,16:18:32.0
22.70,72.86,98396.00,129,0,782,96,10,678,40.602543,-88.225525,779390,80,04/28/2023,16:19:07.0
22.40,72.32,98395.00,129,0,788,96,10,851,40.602535,-88.225525,782168,80,04/28/2023,16:19:42.0
22.60,72.68,98382.00,129,0,786,96,10,253,40.602535,-88.225517,784944,81,04/28/2023,16:20:18.0
22.70,72.86,98384.00,129,0,787,96,10,513,40.602528,-88.225517,787712,81,04/28/2023,16:20:53.0
22.90,73.22,98391.00,129,0,784,96,10,656,40.602543,-88.225540,790474,81,04/28/2023,16:21:28.0
22.50,72.50,98389.00,129,0,787,96,10,811,40.602539,-88.225517,793187,81,04/28/2023,16:22:03.0
22.50,72.50,98385.00,129,0,781,96,10,182,40.602543,-88.225525,795908,82,04/28/2023,16:22:39.0
22.60,72.68,98383.00,129,1,781,96,10,499,40.602539,-88.225517,798621,82,04/28/2023,16:23:14.0
22.60,72.68,98393.00,129,0,776,96,10,646,40.602547,-88.225517,801334,82,04/28/2023,16:23:49.0
22.90,73.22,98401.00,129,0,778,96,10,788,40.602543,-88.225510,804047,82,04/28/2023,16:24:24.0
23.00,73.40,98397.00,129,0,776,95,10,111,40.602543,-88.225517,806767,83,04/28/2023,16:25:00.0
23.10,73.58,98401.00,129,0,775,95,10,378,40.602551,-88.225525,809543,84,04/28/2023,16:25:35.0
23.10,73.58,98398.00,129,0,776,95,10,527,40.602551,-88.225525,812305,84,04/28/2023,16:26:10.0
23.10,73.58,98404.00,129,0,777,95,10,674,40.602547,-88.225525,815073,84,04/28/2023,16:26:45.0
22.80,73.04,98419.00,129,0,776,107,8,854,40.602543,-88.225525,817829,84,04/28/2023,16:27:20.0
22.70,72.86,98397.00,129,0,772,95,10,277,40.602551,-88.225533,820616,85,04/28/2023,16:27:56.0
23.20,73.76,98341.00,149,1,765,95,10,504,40.602531,-88.225533,823426,85,04/28/2023,16:28:31.0
23.30,73.94,98188.00,165,0,774,114,8,670,40.602573,-88.225563,826208,85,04/28/2023,16:29:06.0
23.50,74.30,98336.00,330,1,775,95,10,835,40.602642,-88.225586,829022,85,04/28/2023,16:29:41.0
13.80,56.84,97321.00,
14.10,57.38,97319.00,
14.50,58.10,97335.00,
14.50,58.10,97337.00,
14.20,57.56,97325.00,
14.20,57.56,97329.00,
13.60,56.48,97320.00,
14.00,57.20,97334.00,
13.80,56.84,97333.00,0,0,864,361,4,378,40.416546,-88.837387,11849,0,04/29/2023,13:53:19.0
13.80,56.84,97345.00,0,0,865,169,5,529,40.416534,-88.837387,13912,0,04/29/2023,13:53:54.0
13.80,56.84,97363.00,0,0,869,168,5,685,40.416512,-88.837379,15975,0,04/29/2023,13:54:29.0
13.60,56.48,97333.00,0,0,867,168,5,863,40.416531,-88.837372,18038,0,04/29/2023,13:55:04.0
13.60,56.48,97339.00,0,0,856,167,5,247,40.416550,-88.837387,20175,1,04/29/2023,13:55:40.0
13.60,56.48,97341.00,0,0,862,163,6,398,40.416538,-88.837379,22313,1,04/29/2023,13:56:15.0
13.50,56.30,97347.00,0,0,870,162,6,551,40.416534,-88.837379,24451,1,04/29/2023,13:56:50.0
13.50,56.30,97334.00,0,0,876,161,6,706,40.416534,-88.837387,26719,1,04/29/2023,13:57:25.0
13.50,56.30,97350.00,0,0,875,161,6,905,40.416527,-88.837395,29006,1,04/29/2023,13:58:00.0
13.10,55.58,97350.00,0,0,876,160,6,283,40.416531,-88.837402,31306,2,04/29/2023,13:58:36.0
12.40,54.32,97357.00,0,0,872,159,6,436,40.416687,-88.837288,33444,2,04/29/2023,13:59:11.0
12.40,54.32,97350.00,0,0,878,85,9,586,40.416679,-88.837265,35817,2,04/29/2023,13:59:46.0
12.30,54.14,97372.00,0,0,876,85,9,735,40.416672,-88.837265,38230,2,04/29/2023,14:00:21.0
12.50,54.50,97368.00,0,0,875,85,9,939,40.416668,-88.837265,40658,3,04/29/2023,14:00:56.0
12.50,54.50,97373.00,0,0,874,79,10,313,40.416664,-88.837265,43114,4,04/29/2023,14:01:32.0
12.40,54.32,97358.00,0,0,872,79,10,464,40.416672,-88.837257,45562,4,04/29/2023,14:02:07.0
12.30,54.14,97359.00,0,0,877,79,10,611,40.416672,-88.837250,48006,4,04/29/2023,14:02:42.0
12.20,53.96,97354.00,0,0,880,79,10,768,40.416672,-88.837257,50509,4,04/29/2023,14:03:17.0
12.40,54.32,97364.00,0,0,876,79,10,92,40.416668,-88.837257,52968,5,04/29/2023,14:03:51.0
12.10,53.78,97361.00,0,0,869,79,10,340,40.416664,-88.837257,55418,6,04/29/2023,14:04:26.0
12.20,53.96,97355.00,0,0,864,79,10,490,40.416664,-88.837250,57866,6,04/29/2023,14:05:01.0
12.50,54.50,97356.00,0,0,862,79,10,645,40.416664,-88.837250,60314,6,04/29/2023,14:05:36.0
12.40,54.32,97356.00,0,0,860,79,10,801,40.416664,-88.837250,62762,6,04/29/2023,14:06:11.0
12.30,54.14,97354.00,0,0,860,79,10,169,40.416664,-88.837250,65219,7,04/29/2023,14:06:47.0
12.30,54.14,97353.00,0,0,860,79,10,400,40.416664,-88.837257,67659,7,04/29/2023,14:07:22.0
12.50,54.50,97348.00,0,0,859,79,10,558,40.416664,-88.837257,70107,7,04/29/2023,14:07:57.0
12.40,54.32,97354.00,0,0,858,79,10,708,40.416664,-88.837257,72555,7,04/29/2023,14:08:32.0
12.50,54.50,97350.00,0,0,861,79,10,908,40.416668,-88.837257,75013,7,04/29/2023,14:09:07.0
12.70,54.86,97353.00,0,0,861,79,10,313,40.416668,-88.837257,77472,8,04/29/2023,14:09:43.0
12.70,54.86,97357.00,0,0,857,79,10,465,40.416668,-88.837250,79920,8,04/29/2023,14:10:18.0
12.70,54.86,97351.00,0,0,859,79,10,620,40.416664,-88.837250,82368,8,04/29/2023,14:10:53.0
12.50,54.50,97345.00,0,0,860,84,9,769,40.416668,-88.837250,84796,8,04/29/2023,14:11:28.0
12.70,54.86,97347.00,0,0,859,84,9,969,40.416664,-88.837257,87235,9,04/29/2023,14:12:03.0
13.00,55.40,97351.00,0,0,858,84,9,339,40.416672,-88.837257,89673,10,04/29/2023,14:12:39.0
13.10,55.58,97347.00,0,0,861,84,10,490,40.416676,-88.837257,92119,10,04/29/2023,14:13:14.0
12.70,54.86,97337.00,0,0,858,84,9,645,40.416672,-88.837257,94547,10,04/29/2023,14:13:49.0
12.90,55.22,97335.00,0,0,859,84,9,799,40.416668,-88.837250,96981,10,04/29/2023,14:14:24.0
13.10,55.58,97340.00,0,0,859,84,9,152,40.416664,-88.837257,99420,11,04/29/2023,14:15:00.0
13.10,55.58,97340.00,0,0,859,84,9,387,40.416668,-88.837250,101848,11,04/29/2023,14:15:35.0
13.00,55.40,97334.00,0,0,859,84,9,542,40.416668,-88.837257,104276,11,04/29/2023,14:16:10.0
13.20,55.76,97323.00,0,0,859,84,9,697,40.416668,-88.837257,106704,11,04/29/2023,14:16:45.0
13.20,55.76,97333.00,0,0,861,84,9,894,40.416668,-88.837257,109138,11,04/29/2023,14:17:20.0
13.30,55.94,97334.00,0,0,860,84,9,298,40.416664,-88.837257,111572,11,04/29/2023,14:17:56.0
13.60,56.48,97337.00,0,0,862,84,10,462,40.416668,-88.837265,114020,11,04/29/2023,14:18:31.0
13.20,55.76,97340.00,305,1,862,79,10,601,40.416771,-88.837494,116593,11,04/29/2023,14:19:06.0
12.60,54.68,97346.00,5,1,860,79,10,769,40.417110,-88.837738,119093,11,04/29/2023,14:19:41.0
12.20,53.96,97353.00,44,1,852,79,10,90,40.417355,-88.837456,121578,12,04/29/2023,14:20:17.0
12.00,53.60,97349.00,44,0,849,79,10,344,40.417355,-88.837471,124021,13,04/29/2023,14:20:52.0
11.90,53.42,97333.00,47,2,858,79,10,490,40.417400,-88.837418,126519,13,04/29/2023,14:21:27.0
12.20,53.96,97337.00,44,0,853,94,9,657,40.417435,-88.837357,128996,13,04/29/2023,14:22:02.0
11.90,53.42,97331.00,44,0,852,79,10,845,40.417439,-88.837372,131509,13,04/29/2023,14:22:37.0
12.00,53.60,97389.00,44,0,855,79,10,250,40.417450,-88.837357,133966,14,04/29/2023,14:23:13.0
11.40,52.52,97170.00,117,15,897,79,10,442,40.417210,-88.836861,136552,14,04/29/2023,14:23:48.0
11.50,52.70,96432.00,111,15,1105,79,10,605,40.416122,-88.834015,139140,14,04/29/2023,14:24:23.0
11.30,52.34,95507.00,107,15,1379,86,10,761,40.414925,-88.830986,141663,14,04/29/2023,14:24:58.0
10.70,51.26,94674.00,112,19,1615,86,10,99,40.413910,-88.827301,144191,14,04/29/2023,14:25:34.0
10.40,50.72,93872.00,113,17,1848,79,10,360,40.412670,-88.823990,146715,14,04/29/2023,14:26:09.0
10.30,50.54,93040.00,112,19,2093,79,10,519,40.411598,-88.820213,149238,14,04/29/2023,14:26:44.0
11.00,51.80,92325.00,96,22,2298,79,10,675,40.410812,-88.815948,151751,14,04/29/2023,14:27:19.0
12.20,53.96,91684.00,99,23,2486,79,10,886,40.410206,-88.811150,154290,14,04/29/2023,14:27:54.0
12.90,55.22,91072.00,95,18,2674,79,10,300,40.409603,-88.806610,156815,15,04/29/2023,14:28:30.0
13.40,56.12,90628.00,102,17,2794,79,10,470,40.408989,-88.802971,159338,15,04/29/2023,14:29:05.0
13.80,56.84,90225.00,101,16,2920,80,10,626,40.408272,-88.799431,161926,15,04/29/2023,14:29:40.0
13.60,56.48,89494.00,83,18,3135,87,9,789,40.408283,-88.795708,164425,15,04/29/2023,14:30:15.0
14.30,57.74,89064.00,76,19,3270,80,10,176,40.408863,-88.791710,166947,16,04/29/2023,14:30:51.0
14.50,58.10,88670.00,77,20,3399,93,10,410,40.409554,-88.787613,169465,16,04/29/2023,14:31:26.0
14.60,58.28,88217.00,73,19,3539,80,10,563,40.410259,-88.783531,171979,16,04/29/2023,14:32:01.0
14.90,58.82,87774.00,71,20,3674,80,10,726,40.411083,-88.779411,174497,16,04/29/2023,14:32:36.0
14.60,58.28,87319.00,72,19,3812,80,10,943,40.411949,-88.775368,177026,17,04/29/2023,14:33:11.0
14.30,57.74,86882.00,68,19,3964,80,10,328,40.413078,-88.771378,179559,19,04/29/2023,14:33:47.0
14.00,57.20,86391.00,62,18,4111,80,10,480,40.414211,-88.767662,182207,19,04/29/2023,14:34:22.0
13.70,56.66,85855.00,63,18,4278,80,10,640,40.415405,-88.764153,184790,19,04/29/2023,14:34:57.0
13.10,55.58,85344.00,64,19,4437,99,8,832,40.416718,-88.760483,187420,19,04/29/2023,14:35:32.0
13.30,55.94,84833.00,70,18,4610,114,8,245,40.417927,-88.756569,190006,20,04/29/2023,14:36:08.0
13.40,56.12,84306.00,67,18,4774,93,9,466,40.419056,-88.752693,192579,20,04/29/2023,14:36:43.0
13.10,55.58,83767.00,68,19,4948,93,9,625,40.420258,-88.748985,195152,20,04/29/2023,14:37:18.0
13.00,55.40,83198.00,65,17,5128,93,9,789,40.421459,-88.745277,197790,20,04/29/2023,14:37:53.0
12.50,54.50,82657.00,68,19,5303,93,9,183,40.422626,-88.741394,200445,21,04/29/2023,14:38:29.0
12.10,53.78,82144.00,70,18,5474,93,9,411,40.423771,-88.737648,203071,21,04/29/2023,14:39:04.0
11.70,53.06,81627.00,67,17,5641,93,9,572,40.424957,-88.733917,205709,21,04/29/2023,14:39:39.0
11.50,52.70,81131.00,68,19,5804,93,9,728,40.426125,-88.730148,208345,21,04/29/2023,14:40:14.0
11.40,52.52,80665.00,70,18,5954,92,9,937,40.427238,-88.726288,211147,22,04/29/2023,14:40:49.0
10.80,51.44,80197.00,69,19,6113,92,9,369,40.428471,-88.722275,213947,24,04/29/2023,14:41:25.0
10.70,51.26,79766.00,66,19,6257,115,8,531,40.429718,-88.718369,216743,24,04/29/2023,14:42:00.0
10.00,50.00,79326.00,63,21,6404,92,9,686,40.431053,-88.714348,219530,24,04/29/2023,14:42:35.0
9.90,49.82,78882.00,61,20,6550,98,8,894,40.432568,-88.710205,222302,24,04/29/2023,14:43:10.0
10.00,50.00,78417.00,61,21,6709,98,8,300,40.434227,-88.706047,225073,24,04/29/2023,14:43:46.0
9.30,48.74,77977.00,65,21,6853,92,9,513,40.435852,-88.701935,227923,24,04/29/2023,14:44:21.0
9.00,48.20,77538.00,61,20,7009,92,9,677,40.437519,-88.697914,230761,24,04/29/2023,14:44:56.0
8.70,47.66,77055.00,60,23,7165,92,9,869,40.439209,-88.693886,233599,24,04/29/2023,14:45:31.0
8.80,47.84,76635.00,57,21,7321,116,9,284,40.440987,-88.689827,236449,25,04/29/2023,14:46:07.0
8.60,47.48,76131.00,58,22,7487,103,8,527,40.442772,-88.685760,239277,25,04/29/2023,14:46:42.0
8.10,46.58,75627.00,61,24,7663,103,8,685,40.444656,-88.681580,242105,25,04/29/2023,14:47:17.0
7.20,44.96,75011.00,59,25,7871,110,7,902,40.446571,-88.677231,244944,26,04/29/2023,14:47:52.0
6.80,44.24,74376.00,52,23,8100,107,7,309,40.448658,-88.673012,247782,26,04/29/2023,14:48:28.0
5.20,41.36,73828.00,51,23,8292,127,7,525,40.451015,-88.669060,250539,26,04/29/2023,14:49:03.0
5.90,42.62,73323.00,52,23,8466,127,8,686,40.453259,-88.665207,253379,26,04/29/2023,14:49:38.0
5.40,41.72,72851.00,52,22,8651,127,7,893,40.455669,-88.661423,256153,26,04/29/2023,14:50:13.0
4.20,39.56,72254.00,48,21,8857,127,8,300,40.458160,-88.657585,258924,27,04/29/2023,14:50:49.0
3.20,37.76,71548.00,52,21,9091,105,8,491,40.460495,-88.653839,261487,27,04/29/2023,14:51:24.0
2.30,36.14,70857.00,51,23,9354,127,7,661,40.462872,-88.650017,264048,27,04/29/2023,14:51:59.0
1.80,35.24,70118.00,51,24,9611,94,9,840,40.465229,-88.646194,266613,27,04/29/2023,14:52:34.0
0.80,33.44,69367.00,52,24,9899,117,8,280,40.467674,-88.642220,269320,28,04/29/2023,14:53:10.0
-0.90,30.38,68482.00,53,23,10238,94,9,519,40.470215,-88.638130,271889,28,04/29/2023,14:53:45.0
-2.10,28.22,67691.00,66,27,10523,94,9,684,40.472237,-88.632927,274460,28,04/29/2023,14:54:20.0
-3.50,25.70,66990.00,67,25,10794,94,9,894,40.473846,-88.627678,277036,28,04/29/2023,14:54:55.0
-4.90,23.18,66141.00,61,29,11102,94,9,338,40.476044,-88.622658,279824,29,04/29/2023,14:55:31.0
-5.60,21.92,65476.00,62,25,11375,117,9,526,40.477962,-88.617294,282387,29,04/29/2023,14:56:06.0
-6.70,19.94,64805.00,52,27,11621,95,9,691,40.480366,-88.612373,285174,29,04/29/2023,14:56:41.0
-5.70,21.74,64103.00,53,29,11884,95,9,903,40.482914,-88.607651,287763,29,04/29/2023,14:57:16.0
-5.00,23.00,63502.00,58,25,12151,101,8,323,40.485340,-88.602882,290337,30,04/29/2023,14:57:52.0
-5.00,23.00,62786.00,55,25,12418,95,9,487,40.488041,-88.598366,293055,30,04/29/2023,14:58:27.0
-4.40,24.08,62021.00,60,26,12697,95,9,645,40.490570,-88.593468,295628,30,04/29/2023,14:59:02.0
-4.00,24.80,61405.00,55,26,12963,95,9,836,40.492737,-88.588539,298201,30,04/29/2023,14:59:37.0
-4.70,23.54,60686.00,63,27,13262,95,9,280,40.495251,-88.583298,300856,31,04/29/2023,15:00:13.0
-4.10,24.62,59975.00,60,30,13583,95,9,484,40.497490,-88.578148,303657,31,04/29/2023,15:00:48.0
-5.60,21.92,59236.00,61,28,13890,95,9,653,40.499748,-88.573151,306432,31,04/29/2023,15:01:23.0
-6.00,21.20,58489.00,57,26,14192,95,9,840,40.501865,-88.568169,309205,31,04/29/2023,15:01:58.0
-6.20,20.84,57749.00,63,25,14525,116,8,281,40.504166,-88.563034,311972,32,04/29/2023,15:02:34.0
-7.10,19.22,57056.00,61,25,14827,95,9,522,40.506336,-88.557945,314600,32,04/29/2023,15:03:09.0
-8.90,15.98,56233.00,64,30,15107,96,9,686,40.508347,-88.552902,317220,32,04/29/2023,15:03:44.0
-7.10,19.22,55695.00,65,29,15385,96,9,898,40.510464,-88.547310,319858,32,04/29/2023,15:04:19.0
-8.40,16.88,55106.00,64,26,15686,96,9,335,40.512634,-88.541466,322497,33,04/29/2023,15:04:55.0
-9.70,14.54,54300.00,65,32,15966,96,9,491,40.514656,-88.535675,325125,33,04/29/2023,15:05:30.0
-9.30,15.26,53854.00,68,26,16251,96,9,657,40.516655,-88.530060,327743,33,04/29/2023,15:06:05.0
-13.30,8.06,53048.00,60,31,16521,89,10,845,40.518753,-88.524757,330379,33,04/29/2023,15:06:40.0
-12.40,9.68,52580.00,61,25,16852,89,10,289,40.520752,-88.519127,333017,34,04/29/2023,15:07:16.0
-14.10,6.62,51799.00,63,32,17081,89,10,491,40.523258,-88.514038,335653,34,04/29/2023,15:07:51.0
-13.80,7.16,51342.00,64,33,17439,89,10,653,40.525406,-88.508293,338285,34,04/29/2023,15:08:26.0
-13.90,6.98,50884.00,67,31,17662,89,10,841,40.527496,-88.501999,340931,34,04/29/2023,15:09:01.0
-14.30,6.26,50408.00,71,30,17894,90,10,289,40.529377,-88.495552,343572,35,04/29/2023,15:09:37.0
-12.40,9.68,49851.00,73,32,18080,90,10,496,40.530869,-88.488716,346206,35,04/29/2023,15:10:12.0
-11.80,10.76,49309.00,74,38,18250,90,10,656,40.532764,-88.481339,348844,35,04/29/2023,15:10:47.0
-6.00,21.20,49174.00,69,39,18393,90,10,847,40.534733,-88.473526,351470,35,04/29/2023,15:11:22.0
-2.80,26.96,48879.00,71,38,18549,90,10,291,40.536888,-88.465492,354102,36,04/29/2023,15:11:58.0
-3.50,25.70,48780.00,73,39,18690,90,10,488,40.538952,-88.457512,356740,36,04/29/2023,15:12:33.0
-5.60,21.92,48465.00,70,40,18838,90,10,655,40.541107,-88.449524,359378,36,04/29/2023,15:13:08.0
-9.50,14.90,47925.00,70,40,18990,91,10,847,40.543282,-88.441574,362026,36,04/29/2023,15:13:43.0
-5.00,23.00,47602.00,71,39,19152,91,10,287,40.545494,-88.433273,364683,37,04/29/2023,15:14:19.0
-3.20,26.24,47248.00,72,39,19309,91,10,492,40.547630,-88.425095,367321,37,04/29/2023,15:14:54.0
-3.00,26.60,47208.00,69,41,19472,91,10,656,40.549896,-88.416893,369945,37,04/29/2023,15:15:29.0
-6.30,20.66,46879.00,69,40,19636,91,10,847,40.552261,-88.408745,372579,37,04/29/2023,15:16:04.0
-10.50,13.10,46523.00,66,42,19815,91,10,291,40.554935,-88.400528,375217,38,04/29/2023,15:16:40.0
-12.90,8.78,46202.00,67,41,19977,91,10,493,40.557594,-88.392433,377849,38,04/29/2023,15:17:15.0
-11.70,10.94,45590.00,67,41,20146,92,10,655,40.560207,-88.384239,380497,38,04/29/2023,15:17:50.0
-7.70,18.14,45395.00,66,43,20307,92,10,846,40.562885,-88.375961,383125,38,04/29/2023,15:18:25.0
-9.50,14.90,45235.00,64,41,20485,92,10,311,40.565723,-88.367607,385777,39,04/29/2023,15:19:01.0
-11.00,12.20,44884.00,63,39,20660,92,10,501,40.568813,-88.359833,388425,39,04/29/2023,15:19:36.0
-9.70,14.54,44419.00,61,39,20825,92,10,665,40.571949,-88.352272,391063,39,04/29/2023,15:20:11.0
-7.30,18.86,44097.00,58,41,21000,92,10,855,40.575142,-88.344780,393703,39,04/29/2023,15:20:46.0
-6.10,21.02,43661.00,59,39,21180,86,12,284,40.578583,-88.337234,396398,40,04/29/2023,15:21:22.0
-9.60,14.72,43582.00,59,38,21357,93,10,506,40.582047,-88.329956,399046,40,04/29/2023,15:21:57.0
-16.10,3.02,42913.00,54,43,21573,86,12,664,40.585766,-88.322754,401732,40,04/29/2023,15:22:32.0
-17.70,0.14,42772.00,56,38,21813,86,12,866,40.589424,-88.315666,404420,40,04/29/2023,15:23:07.0
-16.50,2.30,42331.00,57,39,22057,93,10,311,40.593109,-88.308250,407085,41,04/29/2023,15:23:43.0
-19.30,-2.74,41647.00,55,39,22278,86,12,487,40.596664,-88.301071,409761,41,04/29/2023,15:24:18.0
-17.60,0.32,41530.00,56,41,22490,93,10,657,40.600254,-88.293816,412429,41,04/29/2023,15:24:53.0
-16.30,2.66,40872.00,59,40,22702,93,10,850,40.603558,-88.286850,415097,41,04/29/2023,15:25:28.0
-14.60,5.72,40557.00,57,41,22940,93,10,293,40.607090,-88.279266,417755,42,04/29/2023,15:26:04.0
-15.60,3.92,40206.00,55,40,23159,93,10,493,40.610477,-88.272034,420423,42,04/29/2023,15:26:39.0
-18.00,-0.40,39687.00,58,38,23355,94,10,652,40.613888,-88.264877,423089,42,04/29/2023,15:27:14.0
-16.70,1.94,39581.00,59,40,23542,94,10,846,40.617313,-88.257698,425757,42,04/29/2023,15:27:49.0
-18.90,-2.02,39318.00,59,42,23742,94,10,310,40.620747,-88.250114,428416,42,04/29/2023,15:28:25.0
-19.40,-2.92,38797.00,63,44,23944,87,12,483,40.623962,-88.242172,431104,42,04/29/2023,15:29:00.0
-16.00,3.20,38396.00,59,44,24141,87,12,654,40.627327,-88.233894,433792,42,04/29/2023,15:29:35.0
-16.60,2.12,38124.00,62,47,24328,94,10,858,40.630859,-88.225235,436440,42,04/29/2023,15:30:10.0
-14.40,6.08,37727.00,63,47,24519,87,12,292,40.634674,-88.216194,439138,43,04/29/2023,15:30:46.0
-11.40,11.48,37432.00,58,47,24707,90,11,503,40.638485,-88.207504,441816,43,04/29/2023,15:31:21.0
-12.70,9.14,37345.00,59,49,24906,109,9,676,40.642540,-88.198532,444458,43,04/29/2023,15:31:56.0
-14.80,5.36,37002.00,60,49,25113,94,10,882,40.646481,-88.189293,447106,43,04/29/2023,15:32:31.0
-20.00,-4.00,36479.00,60,49,25298,94,10,320,40.650600,-88.179825,449765,44,04/29/2023,15:33:07.0
-19.90,-3.82,36378.00,58,52,25497,94,10,496,40.654785,-88.170700,452433,44,04/29/2023,15:33:42.0
-20.60,-5.08,35902.00,56,52,25695,94,10,658,40.659298,-88.161186,455101,44,04/29/2023,15:34:17.0
-17.80,-0.04,35735.00,56,54,25893,94,10,862,40.663948,-88.151512,457771,44,04/29/2023,15:34:52.0
-21.50,-6.70,35217.00,57,56,26104,94,10,305,40.668915,-88.141312,460430,44,04/29/2023,15:35:28.0
-20.00,-4.00,35089.00,56,58,26310,94,10,495,40.673893,-88.131279,463083,44,04/29/2023,15:36:03.0
-21.80,-7.24,34459.00,55,60,26512,94,10,654,40.679260,-88.120781,465756,44,04/29/2023,15:36:38.0
-19.10,-2.38,34242.00,58,61,26728,94,10,843,40.684605,-88.109978,468409,44,04/29/2023,15:37:13.0
-17.40,0.68,33847.00,59,63,26969,94,10,310,40.690063,-88.098572,471068,45,04/29/2023,15:37:49.0
-16.30,2.66,33710.00,58,64,27192,94,10,493,40.695389,-88.087242,473723,45,04/29/2023,15:38:24.0
-19.80,-3.64,33177.00,57,63,27408,94,10,653,40.700939,-88.075821,476376,45,04/29/2023,15:38:59.0
-19.40,-2.92,33048.00,57,67,27628,94,10,842,40.706684,-88.064003,479029,45,04/29/2023,15:39:34.0
-22.50,-8.50,32728.00,56,65,27854,94,10,285,40.712746,-88.051399,481693,46,04/29/2023,15:40:10.0
-25.50,-13.90,32432.00,54,66,28087,94,10,493,40.718899,-88.039749,484346,46,04/29/2023,15:40:45.0
-25.90,-14.62,31968.00,53,71,28309,94,10,657,40.725460,-88.027718,486973,46,04/29/2023,15:41:20.0
-25.50,-13.90,31704.00,51,73,28549,94,10,853,40.732536,-88.015404,489606,46,04/29/2023,15:41:55.0
-28.20,-18.76,31151.00,50,75,28774,94,10,295,40.740540,-88.002571,492255,47,04/29/2023,15:42:31.0
-28.70,-19.66,31029.00,51,78,28977,94,10,493,40.748497,-87.989861,494888,47,04/29/2023,15:43:06.0
-28.70,-19.66,30818.00,49,80,29187,94,10,659,40.756721,-87.976753,497503,47,04/29/2023,15:43:41.0
-25.50,-13.90,30355.00,47,79,29393,94,10,851,40.765354,-87.963654,500146,47,04/29/2023,15:44:16.0
-26.40,-15.52,30189.00,45,81,29623,94,10,296,40.774372,-87.950722,502791,48,04/29/2023,15:44:52.0
-27.40,-17.32,29922.00,45,80,29831,94,10,490,40.783581,-87.938225,505430,48,04/29/2023,15:45:27.0
-27.00,-16.60,29353.00,45,83,30057,94,10,655,40.792858,-87.925728,508063,48,04/29/2023,15:46:02.0
-26.70,-16.06,29092.00,47,76,30277,94,10,847,40.801605,-87.913475,510696,48,04/29/2023,15:46:37.0
-25.90,-14.62,28834.00,46,75,30497,94,10,287,40.810131,-87.901169,513337,49,04/29/2023,15:47:13.0
-25.40,-13.72,28725.00,48,74,30694,94,10,492,40.818253,-87.889549,515970,49,04/29/2023,15:47:48.0
-27.40,-17.32,28291.00,49,72,30900,94,10,656,40.825989,-87.877792,518623,49,04/29/2023,15:48:23.0
-26.80,-16.24,28110.00,51,72,31096,93,10,845,40.833447,-87.865791,521272,49,04/29/2023,15:48:58.0
-27.40,-17.32,27967.00,52,70,31305,93,10,284,40.840702,-87.853317,523911,50,04/29/2023,15:49:34.0
-26.60,-15.88,27515.00,53,70,31509,93,10,499,40.847500,-87.841408,526544,50,04/29/2023,15:50:09.0
-25.30,-13.54,27357.00,52,64,31733,93,10,658,40.854015,-87.829948,529173,50,04/29/2023,15:50:44.0
-25.90,-14.62,27007.00,54,63,31952,112,8,847,40.860100,-87.818825,531786,50,04/29/2023,15:51:19.0
-26.80,-16.24,26654.00,56,62,32171,104,9,289,40.866104,-87.807419,534411,51,04/29/2023,15:51:55.0
-24.90,-12.82,26494.00,58,64,32368,103,9,489,40.871670,-87.796249,537032,51,04/29/2023,15:52:30.0
-21.90,-7.42,26216.00,58,64,32554,93,10,651,40.877312,-87.784538,539665,51,04/29/2023,15:53:05.0
-22.00,-7.60,26064.00,58,66,32750,93,10,844,40.882893,-87.772552,542298,51,04/29/2023,15:53:40.0
-23.80,-10.84,25824.00,59,68,32964,93,10,290,40.888687,-87.759850,544960,52,04/29/2023,15:54:16.0
-25.80,-14.44,25515.00,58,68,33154,92,10,483,40.894413,-87.747375,547753,52,04/29/2023,15:54:51.0
-25.20,-13.36,25175.00,60,69,33363,98,9,646,40.900192,-87.734711,550534,52,04/29/2023,15:55:26.0
-22.10,-7.78,24900.00,61,67,33588,92,10,839,40.905788,-87.722023,553337,52,04/29/2023,15:56:01.0
-20.80,-5.44,24814.00,61,67,33805,92,10,276,40.911449,-87.708824,556205,53,04/29/2023,15:56:37.0
-20.30,-4.54,24474.00,59,67,34013,92,10,534,40.916813,-87.696289,559063,53,04/29/2023,15:57:12.0
-20.10,-4.18,24334.00,59,69,34220,92,10,692,40.922295,-87.683350,561921,53,04/29/2023,15:57:47.0
-24.40,-11.92,23981.00,56,68,34431,97,9,909,40.928055,-87.670769,564785,54,04/29/2023,15:58:22.0
-23.70,-10.66,23720.00,58,69,34636,97,9,371,40.934299,-87.657959,567661,55,04/29/2023,15:58:58.0
-21.80,-7.24,23572.00,59,65,34827,97,10,543,40.939949,-87.645721,570517,55,04/29/2023,15:59:33.0
-21.50,-6.70,23339.00,64,63,35014,95,9,707,40.944962,-87.633591,573371,55,04/29/2023,16:00:08.0
-22.50,-8.50,23228.00,61,65,35197,91,10,912,40.949860,-87.621353,576249,56,04/29/2023,16:00:43.0
-22.10,-7.78,23029.00,64,67,35411,97,9,353,40.955070,-87.608269,579108,57,04/29/2023,16:01:19.0
-22.30,-8.14,22690.00,65,67,35615,91,10,534,40.959785,-87.595467,581966,57,04/29/2023,16:01:54.0
-20.50,-4.90,22436.00,64,67,35832,94,9,700,40.964405,-87.582329,584814,57,04/29/2023,16:02:29.0
-21.50,-6.70,22371.00,68,68,36038,99,9,902,40.968811,-87.568718,587696,58,04/29/2023,16:03:04.0
-25.70,-14.26,22196.00,70,63,36241,99,9,340,40.972565,-87.555214,590591,59,04/29/2023,16:03:40.0
-27.40,-17.32,22033.00,72,60,36422,99,9,540,40.975735,-87.542786,593479,59,04/29/2023,16:04:15.0
-30.00,-22.00,21728.00,75,57,36627,99,9,697,40.978607,-87.530930,596347,59,04/29/2023,16:04:50.0
-27.40,-17.32,21654.00,74,55,36822,99,9,916,40.980953,-87.519386,599217,60,04/29/2023,16:05:25.0
-27.00,-16.60,21322.00,76,52,37028,98,9,343,40.983173,-87.507767,602093,61,04/29/2023,16:06:01.0
-27.70,-17.86,21078.00,77,48,37236,98,9,546,40.984985,-87.497208,604962,61,04/29/2023,16:06:36.0
-23.90,-11.02,20864.00,77,43,37459,98,9,710,40.986607,-87.487556,607803,61,04/29/2023,16:07:11.0
-24.20,-11.56,20578.00,72,47,37693,108,8,926,40.988697,-87.478218,610646,62,04/29/2023,16:07:46.0
-25.50,-13.90,20493.00,70,49,37955,108,8,378,40.991352,-87.468231,613496,63,04/29/2023,16:08:22.0
-23.80,-10.84,20128.00,70,51,38222,108,8,535,40.994141,-87.458282,616329,63,04/29/2023,16:08:57.0
-20.30,-4.54,19857.00,69,49,38445,104,9,693,40.996922,-87.448090,619190,63,04/29/2023,16:09:32.0
-18.00,-0.40,19792.00,72,54,38564,104,9,899,40.999592,-87.437637,622051,64,04/29/2023,16:10:07.0
-20.00,-4.00,19751.00,68,46,38753,104,9,345,41.002033,-87.426865,624906,65,04/29/2023,16:10:43.0
-22.70,-8.86,19346.00,67,47,39071,140,8,539,41.004700,-87.417862,627763,65,04/29/2023,16:11:18.0
-28.30,-18.94,18967.00,59,40,39518,108,8,698,41.007690,-87.409904,630630,65,04/29/2023,16:11:53.0
-28.80,-19.84,18701.00,
-26.30,-15.34,18668.00,
-23.40,-10.12,18516.00,
-21.40,-6.52,18427.00,
-20.90,-5.62,18068.00,
-21.60,-6.88,18026.00,
-20.00,-4.00,17705.00,
-19.70,-3.46,17516.00,
-15.50,4.10,17313.00,
-14.80,5.36,17124.00,
-17.60,0.32,17012.00,
-20.90,-5.62,16859.00,
-23.00,-9.40,16692.00,
-25.00,-13.00,16510.00,
-22.60,-8.68,16227.00,
-21.50,-6.70,16196.00,
-22.00,-7.60,15890.00,
-22.00,-7.60,15722.00,
-23.10,-9.58,15518.00,
-22.00,-7.60,15420.00,
-25.10,-13.18,15279.00,
-26.60,-15.88,15213.00,
-28.90,-20.02,15115.00,
-30.30,-22.54,14985.00,
-31.20,-24.16,14778.00,
-30.90,-23.62,14491.00,
-30.80,-23.44,14311.00,
-29.20,-20.56,14250.00,
-29.50,-21.10,13965.00,
-27.70,-17.86,13874.00,
-29.50,-21.10,13686.00,
-27.00,-16.60,13388.00,
-26.60,-15.88,13320.00,
-27.30,-17.14,13023.00,
-22.60,-8.68,12862.00,
-24.00,-11.20,12791.00,
-24.80,-12.64,12672.00,
-26.90,-16.42,12434.00,
-22.80,-9.04,12284.00,
-19.60,-3.28,12104.00,
-17.50,0.50,12088.00,
-19.60,-3.28,11869.00,
-17.30,0.86,11757.00,
-19.10,-2.38,11713.00,
-19.90,-3.82,11492.00,
-17.80,-0.04,11476.00,
-18.30,-0.94,11316.00,
-16.80,1.76,11128.00,
-18.30,-0.94,10985.00,
-17.60,0.32,10985.00,
-21.90,-7.42,10812.00,
-19.50,-3.10,10655.00,
-18.30,-0.94,10631.00,
-21.60,-6.88,10535.00,
-23.60,-10.48,10427.00,
-25.00,-13.00,10297.00,
-25.90,-14.62,10094.00,
-21.30,-6.34,9975.00,
-18.70,-1.66,9969.00,
-20.70,-5.26,9839.00,
-17.70,0.14,9693.00,
-14.70,5.54,9616.00,
-18.00,-0.40,9472.00,
-17.80,-0.04,9434.00,
-18.90,-2.02,9242.00,
-17.90,-0.22,9208.00,
-21.20,-6.16,9075.00,
-19.60,-3.28,8910.00,
-21.30,-6.34,8787.00,
-18.90,-2.02,8702.00,
-17.90,-0.22,8606.00,
-19.10,-2.38,8489.00,
-16.30,2.66,8410.00,
-16.30,2.66,8315.00,
-18.70,-1.66,8300.00,
-20.90,-5.62,8162.00,
-19.80,-3.64,8094.00,
-21.40,-6.52,8009.00,
-24.70,-12.46,7823.00,
-24.00,-11.20,7826.00,
-25.00,-13.00,7644.00,
-20.30,-4.54,7566.00,
-20.80,-5.44,7562.00,
-22.00,-7.60,7467.00,
-21.40,-6.52,7315.00,
-23.40,-10.12,7267.00,
-22.10,-7.78,7207.00,
-24.50,-12.10,7130.00,
-22.50,-8.50,7030.00,
-21.00,-5.80,6882.00,
-20.50,-4.90,6831.00,
-17.50,0.50,6790.00,
-16.20,2.84,6684.00,
-16.10,3.02,6656.00,
-18.50,-1.30,6568.00,
-16.10,3.02,6455.00,
-14.80,5.36,6439.00,
-16.40,2.48,6357.00,
-13.50,7.70,6249.00,71,11,39683,166,8,499,41.143219,-86.788620,845442,92,04/29/2023,17:09:55.0
-15.60,3.92,6231.00,
-13.70,7.34,6118.00,76,9,39690,167,6,767,41.144058,-86.784546,849865,92,04/29/2023,17:11:05.0
-14.10,6.62,6093.00,74,11,39673,167,6,117,41.144718,-86.782173,852531,93,04/29/2023,17:11:41.0
-13.10,8.42,5978.00,67,13,39681,167,9,375,41.145439,-86.779625,855144,93,04/29/2023,17:12:16.0
-11.50,11.30,5887.00,
-13.40,7.88,5889.00,42,10,39695,168,8,647,41.147530,-86.774742,859495,93,04/29/2023,17:13:26.0
-12.10,10.22,5790.00,
-12.50,9.50,5709.00,
-10.00,14.00,5648.00,72,9,39668,173,5,343,41.149513,-86.769005,865798,94,04/29/2023,17:15:12.0
-7.60,18.32,5589.00,
-6.40,20.48,5527.00,
-7.80,17.96,5505.00,
-10.80,12.56,5441.00,
-10.80,12.56,5326.00,62,9,39698,174,5,12895,41.149834,-86.767242,876121,95,04/29/2023,17:18:08.0
-8.90,15.98,5280.00,
-5.40,22.28,5231.00,
-6.80,19.76,5163.00,
-5.00,23.00,5143.00,
-7.50,18.50,5087.00,
-10.40,13.28,4964.00,
-7.90,17.78,4920.00,
-5.30,22.46,4892.00,
-4.80,23.36,4878.00,
-3.90,24.98,4829.00,
-2.70,27.14,4829.00,
-7.40,18.68,4779.00,
-9.30,15.26,4694.00,
-7.80,17.96,4605.00,
-6.40,20.48,4545.00,
-6.40,20.48,4490.00,
-7.30,18.86,4470.00,
-11.30,11.66,4331.00,
-13.50,7.70,4279.00,
-10.10,13.82,4277.00,
-11.70,10.94,4260.00,
-11.10,12.02,4154.00,
-10.30,13.46,4158.00,
-11.20,11.84,4065.00,
-9.80,14.36,4034.00,
-9.30,15.26,4032.00,
-8.30,17.06,3944.00,
-6.60,20.12,3954.00,
-8.20,17.24,3900.00,
-8.60,16.52,3849.00,
-8.30,17.06,3751.00,
-8.20,17.24,3767.00,
-10.30,13.46,3700.00,
-10.90,12.38,3588.00,
-11.40,11.48,3602.00,
-8.40,16.88,3538.00,
-4.00,24.80,3539.00,
-5.50,22.10,3518.00,
-7.00,19.40,3443.00,
-4.80,23.36,3377.00,
-2.00,28.40,3376.00,
-4.70,23.54,3350.00,
-4.50,23.90,3262.00,
-3.60,25.52,3217.00,
-0.80,30.56,3209.00,
1.10,33.98,3191.00,
-3.10,26.42,3167.00,
-2.60,27.32,3108.00,
-5.40,22.28,3069.00,
-5.50,22.10,3063.00,
-7.00,19.40,2951.00,
-6.40,20.48,2935.00,
-4.80,23.36,2966.00,
-6.30,20.66,2900.00,
-4.50,23.90,2877.00,
-5.30,22.46,2857.00,
-5.70,21.74,2775.00,
-5.90,21.38,2811.00,
-5.00,23.00,2762.00,
-5.50,22.10,2766.00,
-6.00,21.20,2665.00,
-7.50,18.50,2642.00,
-5.80,21.56,2629.00,
-4.20,24.44,2651.00,
-6.50,20.30,2601.00,
-6.30,20.66,2584.00,
-7.10,19.22,2571.00,
-8.80,16.16,2472.00,
-5.80,21.56,2473.00,
-5.30,22.46,2502.00,
-6.30,20.66,2413.00,
-2.40,27.68,2397.00,
0.30,32.54,2377.00,
1.60,34.88,2408.00,
-2.30,27.86,2374.00,
-5.30,22.46,2338.00,
-3.70,25.34,2289.00,
1.30,34.34,2292.00,
4.20,39.56,2303.00,
6.70,44.06,2287.00,
6.90,44.42,2265.00,
8.60,47.48,2250.00,
8.80,47.84,2238.00,
9.10,48.38,2210.00,
12.20,53.96,2214.00,
14.10,57.38,2217.00,
12.30,54.14,2217.00,
8.60,47.48,2195.00,
3.70,38.66,2116.00,
2.40,36.32,2109.00,
2.40,36.32,2086.00,
0.00,32.00,2085.00,
2.60,36.68,2036.00,
6.90,44.42,2047.00,
6.40,43.52,2076.00,
5.70,42.26,2044.00,
4.40,39.92,2040.00,
4.40,39.92,1972.00,
7.00,44.60,1968.00,
7.80,46.04,2003.00,
5.90,42.62,1981.00,
1.30,34.34,1951.00,
-0.60,30.92,1917.00,
1.30,34.34,1881.00,
4.80,40.64,1886.00,
6.90,44.42,1892.00,
8.40,47.12,1887.00,
9.30,48.74,1888.00,
13.60,56.48,1892.00,
16.60,61.88,1898.00,
17.60,63.68,1922.00,
14.40,57.92,1920.00,
12.40,54.32,1854.00,
13.00,55.40,1847.00,
13.60,56.48,1876.00,
11.10,51.98,1868.00,
8.20,46.76,1835.00,
8.90,48.02,1784.00,
13.00,55.40,1796.00,
13.00,55.40,1827.00,
10.10,50.18,1810.00,
6.90,44.42,1738.00,
9.30,48.74,1743.00,
11.90,53.42,1742.00,
9.70,49.46,1771.00,
6.90,44.42,1744.00,
8.70,47.66,1723.00,
9.50,49.10,1723.00,
13.10,55.58,1716.00,
12.50,54.50,1758.00,
10.50,50.90,1733.00,
10.10,50.18,1677.00,
13.20,55.76,1688.00,
14.10,57.38,1712.00,
9.80,49.64,1711.00,
6.10,42.98,1684.00,
4.90,40.82,1622.00,
8.70,47.66,1629.00,
11.80,53.24,1631.00,
11.00,51.80,1665.00,
6.30,43.34,1659.00,
3.00,37.40,1629.00,
2.20,35.96,1580.00,
3.90,39.02,1595.00,
4.30,39.74,1600.00,
4.00,39.20,1612.00,
2.20,35.96,1607.00,
16.30,61.34,97362.00,
